3
1
2
5
1
1
5
1
1
5
1
1
5
2
1
5
2
1
5
2
1
5
5
1
5
5
1
5
5
1
5
5
1
5
4
1
5
4
1
5
4
1
5
4
1
5
4
1
5
4
1
5
1
1
5
1
1
5
1
1
5
1
1
5
2
1
5
2
1
5
1
1
5
1
1
5
1
1
5
1
1
5
1
1
5
1
1
5
1
1
5
1
1
5
5
1
5
4
1
5
4
1
5
4
1
5
4
1
5
4
1
5
4
1
5
4
1
5
4
1
6
1
1
7
1
1
7
2
1
8
1
1
9
1
1
9
5
1
16
4
1
16
5
1
16
1
1
19
1
1
19
5
1
23
1
1
24
1
1
24
5
1
27
1
1
27
2
1
29
1
1
30
1
1
30
2
1
31
1
1
31
5
1
32
2
1
33
5
1
33
3
1
33
4
1
34
2
1
34
5
1
35
1
1
35
2
1
36
1
1
36
1
1
37
2
1
37
5
1
37
1
1
37
5
1
38
1
1
39
5
1
40
1
1
40
5
1
41
1
1
41
5
1
42
1
1
42
5
1
43
1
1
43
5
1
44
1
1
46
1
1
47
1
1
